42 band games with both outcomes; V219 physically possible in 42
          ep n18  s432   f26 oppT mir  L     own  margin     opp   off_m    on_m  opponent
   113605616   2    72   176    0   0  0   +2330   -1968   +4298   +7908   +5940  lancerhim
   113604364   2   108   212    0   0  0    -277   -1204    +927   +4224   +3020  weiooocnnnnnn
   113630851   2   108   212    0   0  0   -4296    -182   -4114   +1639   +1457  zhudong1949
   113637927   2   108   212    0   0  0    +198   -1698   +1896    +614   -1084  taipen
   113670627   2   108   212    0   0  0    +660    -227    +887    +357    +130  olHwHlo
   113799911   2   108   212    0   1  0    +710    -914   +1624   +1450    +536  Aphrodite
   113599623   2   126   122   18   0  1   -5236   -3915   -1321   -1774   -5689  Masahiro Yamagata
   113632036   2   126   152   13   0  1   -7362   -1083   -6279   +1083      +0  Wills Cui
   113633200   2   126   230    0   0  1   -4668   -1549   -3119    -201   -1750  Md Arafat #2
   113671996   2   126   230    0   1  1   -3462    +620   -4082   +1549   +2169  takemo
   113756099   2   126   230    0   1  1   +3315   -2335   +5650    +581   -1754  Saravana Rajan B
   113783430   2   126   230    0   0  1   +1915    -444   +2359   +1182    +738  mitsuki
   113785781   2   126   230    0   0  1    -237    -110    -127   +3327   +3217  Hamachi
   113802345   2   126   230    0   0  1    +788    -624   +1412    +588     -36  大山
   113773538   2   144   188   10   0  1   -3677    -158   -3519   -4033   -4191  KouFu
   113777522   2   144   248    0   0  1   -2390    -952   -1438   +2619   +1667  DLTLM
   113801262   2   144   248    0   0  1   -4514   -1141   -3373   +1074     -67  Michael Chen
   113606799   2   162   266    0   0  1   +3485   +2313   +1172   +2195   +4508  Bantam
   113638336   2   162   266    0   1  1   -3207    +547   -3754    +148    +695  ss
   113686477   2   162   266    0   1  1    +793   +1164    -371    +956   +2120  Ahmed Mostafa #2
   113754905   2   162   266    0   0  1   +7868   +4860   +3008  +49276  +54136  Ronald K Wilson 
   113757428   2   162   266    0   1  1   +9125   +5159   +3966    -635   +4524  east
   113772781   2   162   266    0   0  1   +5267    +421   +4846   +2361   +2782  mou mou
   113627261   2   180   284    0   1  1   +4141   +8568   -4427   -8393    +175  yudai_000111
   113646068   2   180   284    0   1  1   +1504    +735    +769    +679   +1414  evolve faster!
   113722929   2   180   284    0   1  1   +3430   +5174   -1744    +804   +5978  Raagav & Pieter
   113759748   2   180   284    0   0  1   +3539   +4265    -726   +9739  +14004  Zikai Chen
   113647403   3    72   224    0   1  0    +407   -1152   +1559    +951    -201  csly666
   113627557   3    90   242    0   1  1    +787     -68    +855   +1688   +1620  Piyorin
   113724617   3    90   242    0   1  1    -559    -406    -153    +505     +99  KKY
   113617489   3   108   260    0   1  1   +2061    +603   +1458   +3724   +4327  markastra
   113660397   3   108   260    0   0  1   -6199    +263   -6462    +702    +965  Xu Suyi
   113592743   3   126   278    0   0  1   -5064   +1235   -6299  +36919  +38154  EveryJust
   113597285   3   126   278    0   0  1   +1202    +600    +602  +11665  +12265  thegoatman7
   113603173   3   126   278    0   0  1   +6644   +1202   +5442   +2375   +3577  yuyinghuang
   113650944   3   126   278    0   1  1   +2908   +6307   -3399   -4184   +2123  ZiYiMing
   113686336   3   126   278    0   0  1     +71   +1615   -1544    -811    +804  Illia Dolenko
   113769200   3   126   278    0   0  1    -857   +5663   -6520   +2297   +7960  Restart:)
   113774961   3   126   278    0   1  1    -429   +6121   -6550   -5271    +850  Kashyapsinh gohil
   113775134   3   126   278    0   1  1   +2677   +3837   -1160   -3523    +314  morality0707
   113612738   3   144   296    0   0  1   +1582   +8012   -6430   -7053    +959  Xuanhao Wang
   113753785   3   144   296    0   0  1   +7050    -985   +8035  +93811  +92826  Mr.S hanakosan

  rule scores over the 42 band games where V219 can fire
    never                  fires   0: own        +0  margin        +0  wins 32/42
    always                 fires  42: own   +22,023  margin   +48,169  wins 33/42
    A gate (3 shops)       fires  14: own   +11,874  margin   +33,999  wins 37/42
    L gate (live)          fires  35: own   +22,291  margin   +55,514  wins 35/42
    forecast26 >= 200      fires  38: own   +35,968  margin   +55,293  wins 34/42
    forecast26 >= 220      fires  33: own   +38,973  margin   +59,518  wins 35/42
    forecast26 >= 240      fires  26: own   +40,915  margin   +65,112  wins 38/42
    forecast26 >= 250      fires  22: own   +47,591  margin   +67,679  wins 39/42
    forecast26 >= 260      fires  22: own   +47,591  margin   +67,679  wins 39/42
    forecast26 >= 270      fires  14: own   +28,398  margin   +52,349  wins 38/42
    forecast26 >= 280      fires   6: own   +21,246  margin   +25,769  wins 34/42
    forecast26 >= 300      fires   0: own        +0  margin        +0  wins 32/42
