148 games; model value of firing (own / margin), 80 units, cost 8100
          ep ag n18 s432  f26 oppP oppLate L fired     rev     own  margin
   113648598 A    2   36  140    0       0 0     0    6240   -1860   -1860  Gio
   113653535 A    2   36  140    0       0 0     0    6013   -2087   -2087  sunil kumar
   113789795 A    2   36  140    0       0 0     0    6013   -2087   -2087  shin0000
   113760765 L    2   54  158    0       0 0     0    6185   -1915   -1915  unhappy
   113605616 A    2   72  176    0       0 0     0    6570   -1530   -1530  lancerhim
   113705222 A    2   72  176    0       0 0     0    6768   -1332   -1332  winstonton
   113771597 L    2   72  176    0       0 0     0    6357   -1743   -1743  dk2lone
   113773955 L    2   72  176    0       0 0     0    6768   -1332   -1332  Liquidus
   113781086 L    2   72  176    0       0 0     0    6357   -1743   -1743  Laxmi Khilnani
   113784596 L    2   72  176    0       0 0     0    6357   -1743   -1743  manyuA
   113786922 L    2   72  176    0       0 0     0    6357   -1743   -1743  abraxas417
   113797982 A    2   72  176    0       0 0     0    6357   -1743   -1743  Sai Syam
   113636749 A    2   90  194    0       0 0     0    6529   -1571   -1571  Yash Mohan
   113658030 A    2   90  194    0       0 0     0    6529   -1571   -1571  Filip Strzałka
   113759427 A    2   90  194    0       0 0     0    7118    -982    -982  jiang luo1021
   113789410 L    2   90  194    0       0 0     0    6529   -1571   -1571  pi-500.phys
   113604364 A    2  108  212    0       0 0     0    6710   -1390   -1390  weiooocnnnnnn
   113630851 A    2  108  212    0       0 0     0    6710   -1390   -1390  zhudong1949
   113637927 A    2  108  212    0       0 0     0    8914    +814    +814  taipen
   113670627 A    2  108  212    0       0 0     0    8914    +814    +814  olHwHlo
   113799911 L    2  108  212    0       0 0     0    8914    +814    +814  Aphrodite
   113599623 A    2  126  122   18      39 1     0    6357   -1743   -1579  Masahiro Yamagat
   113632036 A    2  126  152   13       0 1     0    6720   -1380   -1380  Wills Cui
   113633200 A    2  126  230    0       0 1     0    7001   -1099   -1099  Md Arafat #2
   113671996 A    2  126  230    0       0 1     0    7001   -1099   -1099  takemo
   113756099 L    2  126  230    0       0 1     1    7057   -1043   -1043  Saravana Rajan B
   113783430 L    2  126  230    0       0 1     1    7801    -299    -299  mitsuki
   113785781 L    2  126  230    0       0 1     1    8682    +582    +582  Hamachi
   113802345 L    2  126  230    0       0 1     1    7001   -1099   -1099  大山
   113773538 A    2  144  188   10      22 1     0    7740    -360    +164  KouFu
   113777522 L    2  144  248    0       0 1     1    8682    +582    +582  DLTLM
   113801262 L    2  144  248    0       0 1     1    7604    -496    -496  Michael Chen
   113606799 A    2  162  266    0      80 1     0    8184     +84   +1828  Bantam
   113638336 A    2  162  266    0       0 1     0    9668   +1568   +1568  ss
   113686477 A    2  162  266    0       0 1     0   13200   +5100   +5100  Ahmed Mostafa #2
   113754905 L    2  162  266    0       0 1     1   12121   +4021   +4021  Ronald K Wilson 
   113757428 A    2  162  266    0       0 1     0    8295    +195    +195  east
   113772781 L    2  162  266    0       0 1     1    8405    +305    +305  mou mou
   113627261 A    2  180  284    0      80 1     0   12348   +4248   +7640  yudai_000111
   113646068 A    2  180  284    0      80 1     0    8187     +87   +1623  evolve faster!
   113722929 A    2  180  284    0       0 1     0    9309   +1209   +1209  Raagav & Pieter
   113759748 L    2  180  284    0       0 1     1   11188   +3088   +3088  Zikai Chen
   113647403 A    3   72  224    0       0 0     0    8914    +814    +814  csly666
   113627557 A    3   90  242    0      80 1     1    8362    +262   +2230  Piyorin
   113724617 A    3   90  242    0      80 1     1    7141    -959     +33  KKY
   113617489 A    3  108  260    0      80 1     1    8362    +262   +2230  markastra
   113660397 A    3  108  260    0       0 1     1    8682    +582    +582  Xu Suyi
   113592743 A    3  126  278    0       0 1     1    9668   +1568   +1568  EveryJust
   113597285 A    3  126  278    0       0 1     1    9812   +1712   +1712  thegoatman7
   113603173 A    3  126  278    0      80 1     1    9518   +1418   +3898  yuyinghuang
   113650944 A    3  126  278    0      80 1     1    8424    +324   +2148  ZiYiMing
   113686336 A    3  126  278    0      80 1     1    8424    +324   +2148  Illia Dolenko
   113769200 L    3  126  278    0      80 1     1   10639   +2539   +5419  Restart:)
   113774961 L    3  126  278    0      80 1     1    8424    +324   +2148  Kashyapsinh gohi
   113775134 L    3  126  278    0      80 1     1   10639   +2539   +5419  morality0707
   113612738 A    3  144  296    0      80 1     1    9117   +1017   +3225  Xuanhao Wang
   113753785 L    3  144  296    0       0 1     1   12121   +4021   +4021  Mr.S hanakosan
   113661544 A    3  162  314    0       0 1     0   12616   +4516   +4516  qinsuikang
   113679240 A    3  162  314    0      80 1     1   12560   +4460   +7884  a14iiiii
   113772802 A    3  162  314    0      80 1     1   17090   +8990  +13502  デワンシュ
   113593808 A    3  180  332    0       0 1     1   14683   +6583   +6583  Tekin24
   113629658 A    3  180  332    0      80 1     1   12137   +4037   +7189  We Forgot To Wat
   113669407 A    3  180  332    0      80 1     1   12137   +4037   +7189  jasonstillchasin
   113797534 L    3  180  332    0      80 1     1   12137   +4037   +7189  neibyr
   113799880 A    3  180  332    0      80 1     1   12137   +4037   +7189  ctree4113
   113621110 A    3  198  350    0      80 1     1   13872   +5772   +9372  Mohd Aasim Ansar
   113644990 A    3  198  350    0      80 1     1   16441   +8341  +12629  mocatti
   113790469 L    3  198  350    0      79 1     1   14482   +6382  +10206  autowin
   113613924 A    3  216  368    0      80 1     1   25023  +16923  +22779  dijia zhang735
   113763293 L    3  234  386    0      70 1     1   17798   +9698  +13590  Ender
   113765799 L    3  234  386    0      80 1     1   23780  +15680  +21280  NoahRyan
   113779855 L    4  144  344    0      80 1     1   19479  +11379  +16339  Claudex - An
   113793997 L    4  144  344    0      80 1     1   19479  +11379  +16339  Nathael
   113750463 A    4  162  362    0      80 1     1   16441   +8341  +12629  Monruho
   113641479 A    4  198  398    0      80 1     1   24326  +16226  +22018  neurlog
   113622717 A    4  216  416    0      80 1     1   36389  +28289  +35697  tokawa2997
   113795126 L    4  216  416    0      80 1     1   24131  +16031  +21663  waticson
   113659204 A    4  234  434    0      80 1     1   27188  +19088  +25168  @Suzumaru_1666

  rule totals over all games (model):
    never      fires   0  own        +0  margin        +0  negative-own firings 0
    A gate     fires  35  own  +230,159  margin  +337,731  negative-own firings 1
    L gate     fires  56  own  +242,610  margin  +357,541  negative-own firings 10
    f26>=220   fires  54  own  +246,907  margin  +361,151  negative-own firings 7
    f26>=230   fires  53  own  +246,093  margin  +360,337  negative-own firings 7
    f26>=240   fires  47  own  +250,150  margin  +364,394  negative-own firings 2
    f26>=250   fires  43  own  +250,761  margin  +362,045  negative-own firings 0
    f26>=260   fires  43  own  +250,761  margin  +362,045  negative-own firings 0
    f26>=270   fires  35  own  +238,644  margin  +346,216  negative-own firings 0
    f26>=280   fires  27  own  +227,896  margin  +321,756  negative-own firings 0
